200;76.9;85;8.4;-15.2344;-24.295;-32.1532;-31.8582;0.0124949;0;0;0;
250;62.6;74.7;4.9;-15.1562;-23.5516;-31.1763;-31.6247;0.0224423;0;0;0;
315;62;79;1;-13.6719;-17.0277;-24.1869;-31.1592;0.0234268;0;0;0;
400;44.7;63.7;-0.7;-12.8125;-20.8471;-28.0323;-31.1853;0.0469902;0;0;0;
500;53.1;73.5;-2.2;-11.7188;-17.7828;-24.6487;-30.8659;0.033931;0;0;0;
630;48.5;69.1;-2.6;-12.2656;-15.893;-22.6468;-30.7537;0.041026;0;0;0;
800;47.6;68;-3.2;-13.6719;-14.713;-21.2249;-30.5118;0.0429579;0;0;0;
1000;50.1;68.7;-2.3;-14.9219;-15.5899;-21.834;-30.244;0.0392626;0;0;0;
1250;59.1;75.1;-1.2;-16.3281;-16.6841;-22.6548;-29.9707;0.0276224;0;0;0;
1600;56.7;70.4;-0.1;-13.75;-17.0393;-22.393;-29.3536;0.0311933;0;0;0;
2000;72.2;81.4;3.6;-11.25;-17.7196;-22.6488;-28.9291;0.0169918;0;0;0;
2500;72.6;76.5;7.4;-11.4062;-20.131;-25.0369;-28.9059;0.0167358;0;0;0;
3150;89.2;93.3;6.8;-15.4688;-21.8577;-21.3653;-23.5076;0.0106566;0;0;0;
4000;117;113.8;8.8;-11.0156;-21.9761;-74.5271;-76.5509;0.00041007;0;0;0;


-38.5217;-26.5217;0;0;
-26.5217;-26.5217;0;0;
-26.5217;-40.5217;0;0;
-26.5217;-34.5217;0;0;
-22.5217;-34.5217;0;0;
-22.5217;-34.5217;0;0;
-22.5217;-37.5217;0;0;
-26.5217;-26.5217;0;0;
